8.400000
9.500000
9.200000
9.400000
9.300000
9.500000
9.600000
9.800000
8.400000
8.800000
9.000000
10.000000
8.100000
9.100000
9.300000
9.500000
8.400000
9.500000
9.200000
9.400000
9.400000
9.600000
9.700000
9.900000
9.500000
9.700000
9.800000
10.000000
8.400000
8.800000
9.000000
10.000000
8.400000
9.500000
9.200000
9.400000
9.000000
9.200000
9.400000
9.700000
8.400000
8.800000
9.000000
10.000000
8.400000
9.000000
9.200000
9.400000
8.100000
9.100000
9.300000
9.500000
8.700000
8.900000
9.100000
9.900000
9.000000
9.200000
9.400000
9.700000
8.700000
8.900000
9.100000
9.900000
8.400000
8.800000
9.000000
10.000000
8.800000
9.200000
9.800000
10.000000
8.400000
8.800000
9.200000
9.800000
8.100000
9.100000
9.300000
9.500000
9.100000
9.300000
9.500000
9.800000
8.400000
8.800000
9.000000
10.000000
8.400000
9.500000
9.200000
9.400000
9.000000
9.400000
9.500000
9.700000
8.300000
8.700000
8.900000
9.300000
8.500000
8.700000
8.900000
9.100000
8.300000
8.700000
8.900000
9.300000
8.700000
8.900000
9.100000
9.900000
8.400000
8.800000
9.000000
10.000000
8.200000
9.200000
9.400000
9.600000
8.700000
8.900000
9.100000
9.900000
8.900000
9.100000
9.300000
9.600000
9.500000
9.700000
9.800000
10.000000
8.400000
8.800000
9.000000
10.000000
9.400000
9.600000
9.700000
9.900000
8.400000
9.500000
9.200000
9.400000
8.400000
8.800000
9.200000
9.800000
8.200000
9.300000
9.500000
9.800000
9.300000
9.500000
9.700000
9.900000
9.100000
9.300000
9.500000
9.800000
