0.150000
0.500000
0.250000
0.100000
0.100000
0.100000
0.600000
0.200000
0.100000
0.200000
0.600000
0.100000
0.100000
0.500000
0.300000
0.100000
0.150000
0.500000
0.250000
0.100000
0.100000
0.100000
0.600000
0.200000
0.100000
0.100000
0.600000
0.200000
0.100000
0.200000
0.600000
0.100000
0.150000
0.500000
0.250000
0.100000
0.100000
0.100000
0.600000
0.200000
0.100000
0.200000
0.600000
0.100000
0.150000
0.500000
0.250000
0.100000
0.100000
0.500000
0.300000
0.100000
0.100000
0.200000
0.600000
0.100000
0.100000
0.100000
0.600000
0.200000
0.100000
0.200000
0.600000
0.100000
0.100000
0.200000
0.600000
0.100000
0.050000
0.050000
0.500000
0.400000
0.100000
0.100000
0.600000
0.200000
0.100000
0.500000
0.300000
0.100000
0.100000
0.100000
0.600000
0.200000
0.100000
0.200000
0.600000
0.100000
0.150000
0.500000
0.250000
0.100000
0.100000
0.100000
0.500000
0.300000
0.100000
0.100000
0.600000
0.200000
0.100000
0.100000
0.500000
0.300000
0.100000
0.100000
0.600000
0.200000
0.100000
0.200000
0.600000
0.100000
0.100000
0.200000
0.600000
0.100000
0.100000
0.500000
0.300000
0.100000
0.100000
0.200000
0.600000
0.100000
0.100000
0.100000
0.600000
0.200000
0.100000
0.100000
0.600000
0.200000
0.100000
0.200000
0.600000
0.100000
0.100000
0.100000
0.600000
0.200000
0.150000
0.500000
0.250000
0.100000
0.100000
0.100000
0.600000
0.200000
0.100000
0.500000
0.300000
0.100000
0.100000
0.100000
0.500000
0.300000
0.100000
0.100000
0.600000
0.200000
